(-5.47763353003079,0.723963068203982,-6.79895650446366)(-31.1754125684714,25.6783655274955)
(-8.13481770368983,9.65035539104154,2.42774659415136)(282.273153656247,-229.969644407109)
(-6.38919187541548,1.05437925600185,-6.65110754624526)(-37.4955321349773,42.0992575869797)
(-1.14420800057436,-5.35820790350354,4.83199629691988)(4.17383641810431,31.3631410291309)
(-7.31583364182889,-2.36398563364706,9.74552754300904)(18.37807071831,175.722957217807)
(4.48930952441381,-0.0629036641041303,-4.34578595419684)(19.9394354332313,1.5722906967387)
(5.49270741431634,9.93358762000389,6.62443487747779)(-62.768869772212,388.375607090602)
(3.09531584991855,-0.125932260475089,4.67071070087641)(-10.3257427304254,-2.54187621117724)
(-4.55840683288798,1.58805174361358,-3.13432519935739)(-54.9458240093409,19.3658677582403)
(-5.23561193385888,-3.25307212455807,2.12898639595555)(17.957814136824,44.4059751564525)
(-9.65121328814477,9.72865112113238,8.16867866468089)(107.283858401186,-814.366893041882)
(-1.74501318100142,5.0152849382792,-8.83658776005571)(-20.2817023465767,73.5901310649325)
(-0.939276689169592,-9.43310774836368,-7.16873659620468)(-3.72602786694202,-75.6388498311945)
(-6.03044426815139,-3.37105536524721,-0.669996762028894)(-51.0991026753369,-3.33683056570404)
(2.58102430616553,5.98655122145384,2.17047116354595)(-67.9683150534951,41.1177815722302)
(6.31471897303812,-6.708959888997,8.64161985863075)(20.3666442329971,-391.058439746069)
(-0.158951734266687,-5.77048738290113,-1.75048602360789)(-3.73303226928276,-0.60495409097212)
(5.42012661482213,-9.12301704246691,1.11146337870111)(150.629911480662,-70.6484562888706)
(-2.81856480651468,1.42705062005066,-9.15010467132093)(-20.0349559019055,35.6702860456011)
(-1.46966720534007,6.42358912919815,-1.93769635257204)(-52.7118590357385,13.6982594570812)
